0,1, ~ 26
0,2, ~ 23
0,3, ~ 22
0,4, ~ 23
0,5, ~ 28
0,6, ~ 28
0,7, ~ 28
0,8, ~ 28
0,9, ~ 23
0,10, ~ 27
0,11, ~ 24
0,12, ~ 27
0,13, ~ 20
0,14, ~ 26
0,15, ~ 16
0,16, ~ 23
0,17, ~ 30
0,18, ~ 19
0,19, ~ 33
0,20, ~ 20
0,21, ~ 24
0,22, ~ 16
0,23, ~ 29
0,24, ~ 24
0,25, ~ 24
0,26, ~ 34
0,27, ~ 24
0,28, ~ 26
0,29, ~ 27
0,30, ~ 20
0,31, ~ 25
0,32, ~ 21
0,33, ~ 29
0,34, ~ 25
0,35, ~ 11
0,36, ~ 24
0,37, ~ 27
0,38, ~ 26
0,39, ~ 25
0,40, ~ 29
0,41, ~ 26
0,42, ~ 24
0,43, ~ 26
0,44, ~ 18
0,45, ~ 26
0,46, ~ 12
0,47, ~ 27
0,48, ~ 26
0,49, ~ 31
1,2, ~ 24
1,3, ~ 25
1,4, ~ 23
1,5, ~ 33
1,6, ~ 28
1,7, ~ 34
1,8, ~ 35
1,9, ~ 28
1,10, ~ 44
1,11, ~ 30
1,12, ~ 23
1,13, ~ 31
1,14, ~ 33
1,15, ~ 18
1,16, ~ 32
1,17, ~ 37
1,18, ~ 27
1,19, ~ 32
1,20, ~ 26
1,21, ~ 30
1,22, ~ 40
1,23, ~ 42
1,24, ~ 37
1,25, ~ 35
1,26, ~ 51
1,27, ~ 32
1,28, ~ 43
1,29, ~ 31
1,30, ~ 34
1,31, ~ 42
1,32, ~ 25
1,33, ~ 41
1,34, ~ 18
1,35, ~ 22
1,36, ~ 29
1,37, ~ 32
1,38, ~ 30
1,39, ~ 33
1,40, ~ 28
1,41, ~ 25
1,42, ~ 32
1,43, ~ 34
1,44, ~ 19
1,45, ~ 32
1,46, ~ 17
1,47, ~ 34
1,48, ~ 30
1,49, ~ 34
2,3, ~ 19
2,4, ~ 21
2,5, ~ 24
2,6, ~ 23
2,7, ~ 22
2,8, ~ 26
2,9, ~ 21
2,10, ~ 30
2,11, ~ 23
2,12, ~ 24
2,13, ~ 21
2,14, ~ 24
2,15, ~ 19
2,16, ~ 29
2,17, ~ 26
2,18, ~ 21
2,19, ~ 27
2,20, ~ 23
2,21, ~ 17
2,22, ~ 19
2,23, ~ 22
2,24, ~ 23
2,25, ~ 17
2,26, ~ 40
2,27, ~ 15
2,28, ~ 23
2,29, ~ 21
2,30, ~ 17
2,31, ~ 24
2,32, ~ 20
2,33, ~ 28
2,34, ~ 17
2,35, ~ 17
2,36, ~ 24
2,37, ~ 20
2,38, ~ 17
2,39, ~ 21
2,40, ~ 28
2,41, ~ 19
2,42, ~ 36
2,43, ~ 21
2,44, ~ 13
2,45, ~ 30
2,46, ~ 16
2,47, ~ 28
2,48, ~ 18
2,49, ~ 17
3,4, ~ 21
3,5, ~ 21
3,6, ~ 28
3,7, ~ 26
3,8, ~ 25
3,9, ~ 22
3,10, ~ 23
3,11, ~ 25
3,12, ~ 28
3,13, ~ 21
3,14, ~ 17
3,15, ~ 16
3,16, ~ 21
3,17, ~ 23
3,18, ~ 22
3,19, ~ 26
3,20, ~ 19
3,21, ~ 18
3,22, ~ 20
3,23, ~ 30
3,24, ~ 25
3,25, ~ 19
3,26, ~ 29
3,27, ~ 21
3,28, ~ 22
3,29, ~ 26
3,30, ~ 25
3,31, ~ 22
3,32, ~ 22
3,33, ~ 35
3,34, ~ 16
3,35, ~ 15
3,36, ~ 19
3,37, ~ 23
3,38, ~ 14
3,39, ~ 20
3,40, ~ 16
3,41, ~ 18
3,42, ~ 26
3,43, ~ 27
3,44, ~ 16
3,45, ~ 21
3,46, ~ 12
3,47, ~ 24
3,48, ~ 22
3,49, ~ 18
4,5, ~ 29
4,6, ~ 25
4,7, ~ 20
4,8, ~ 31
4,9, ~ 26
4,10, ~ 27
4,11, ~ 18
4,12, ~ 25
4,13, ~ 25
4,14, ~ 27
4,15, ~ 28
4,16, ~ 24
4,17, ~ 26
4,18, ~ 20
4,19, ~ 22
4,20, ~ 18
4,21, ~ 20
4,22, ~ 19
4,23, ~ 19
4,24, ~ 21
4,25, ~ 17
4,26, ~ 34
4,27, ~ 24
4,28, ~ 33
4,29, ~ 20
4,30, ~ 30
4,31, ~ 30
4,32, ~ 24
4,33, ~ 27
4,34, ~ 21
4,35, ~ 19
4,36, ~ 24
4,37, ~ 24
4,38, ~ 25
4,39, ~ 21
4,40, ~ 24
4,41, ~ 25
4,42, ~ 28
4,43, ~ 21
4,44, ~ 19
4,45, ~ 24
4,46, ~ 15
4,47, ~ 21
4,48, ~ 19
4,49, ~ 23
5,6, ~ 33
5,7, ~ 23
5,8, ~ 22
5,9, ~ 20
5,10, ~ 29
5,11, ~ 29
5,12, ~ 29
5,13, ~ 25
5,14, ~ 19
5,15, ~ 20
5,16, ~ 22
5,17, ~ 31
5,18, ~ 29
5,19, ~ 29
5,20, ~ 21
5,21, ~ 26
5,22, ~ 21
5,23, ~ 30
5,24, ~ 23
5,25, ~ 21
5,26, ~ 39
5,27, ~ 26
5,28, ~ 29
5,29, ~ 24
5,30, ~ 29
5,31, ~ 21
5,32, ~ 20
5,33, ~ 39
5,34, ~ 22
5,35, ~ 20
5,36, ~ 27
5,37, ~ 25
5,38, ~ 20
5,39, ~ 24
5,40, ~ 24
5,41, ~ 24
5,42, ~ 31
5,43, ~ 23
5,44, ~ 18
5,45, ~ 27
5,46, ~ 15
5,47, ~ 33
5,48, ~ 25
5,49, ~ 25
6,7, ~ 25
6,8, ~ 25
6,9, ~ 29
6,10, ~ 33
6,11, ~ 26
6,12, ~ 34
6,13, ~ 29
6,14, ~ 34
6,15, ~ 28
6,16, ~ 26
6,17, ~ 29
6,18, ~ 29
6,19, ~ 34
6,20, ~ 25
6,21, ~ 25
6,22, ~ 27
6,23, ~ 41
6,24, ~ 35
6,25, ~ 25
6,26, ~ 36
6,27, ~ 28
6,28, ~ 29
6,29, ~ 31
6,30, ~ 29
6,31, ~ 28
6,32, ~ 27
6,33, ~ 40
6,34, ~ 31
6,35, ~ 30
6,36, ~ 18
6,37, ~ 32
6,38, ~ 34
6,39, ~ 33
6,40, ~ 30
6,41, ~ 28
6,42, ~ 32
6,43, ~ 27
6,44, ~ 21
6,45, ~ 25
6,46, ~ 19
6,47, ~ 29
6,48, ~ 35
6,49, ~ 35
7,8, ~ 31
7,9, ~ 24
7,10, ~ 34
7,11, ~ 34
7,12, ~ 27
7,13, ~ 27
7,14, ~ 24
7,15, ~ 15
7,16, ~ 27
7,17, ~ 30
7,18, ~ 21
7,19, ~ 32
7,20, ~ 22
7,21, ~ 22
7,22, ~ 17
7,23, ~ 28
7,24, ~ 26
7,25, ~ 26
7,26, ~ 33
7,27, ~ 25
7,28, ~ 25
7,29, ~ 26
7,30, ~ 22
7,31, ~ 27
7,32, ~ 34
7,33, ~ 35
7,34, ~ 19
7,35, ~ 13
7,36, ~ 29
7,37, ~ 21
7,38, ~ 31
7,39, ~ 25
7,40, ~ 26
7,41, ~ 24
7,42, ~ 21
7,43, ~ 27
7,44, ~ 14
7,45, ~ 24
7,46, ~ 18
7,47, ~ 24
7,48, ~ 31
7,49, ~ 29
8,9, ~ 24
8,10, ~ 34
8,11, ~ 29
8,12, ~ 27
8,13, ~ 20
8,14, ~ 25
8,15, ~ 17
8,16, ~ 34
8,17, ~ 35
8,18, ~ 25
8,19, ~ 22
8,20, ~ 29
8,21, ~ 21
8,22, ~ 24
8,23, ~ 29
8,24, ~ 31
8,25, ~ 23
8,26, ~ 41
8,27, ~ 19
8,28, ~ 32
8,29, ~ 31
8,30, ~ 28
8,31, ~ 30
8,32, ~ 27
8,33, ~ 36
8,34, ~ 23
8,35, ~ 17
8,36, ~ 24
8,37, ~ 21
8,38, ~ 19
8,39, ~ 20
8,40, ~ 27
8,41, ~ 21
8,42, ~ 28
8,43, ~ 18
8,44, ~ 18
8,45, ~ 24
8,46, ~ 18
8,47, ~ 21
8,48, ~ 26
8,49, ~ 23
9,10, ~ 31
9,11, ~ 29
9,12, ~ 24
9,13, ~ 23
9,14, ~ 29
9,15, ~ 20
9,16, ~ 27
9,17, ~ 25
9,18, ~ 26
9,19, ~ 23
9,20, ~ 28
9,21, ~ 19
9,22, ~ 21
9,23, ~ 24
9,24, ~ 29
9,25, ~ 32
9,26, ~ 34
9,27, ~ 20
9,28, ~ 27
9,29, ~ 17
9,30, ~ 24
9,31, ~ 26
9,32, ~ 19
9,33, ~ 28
9,34, ~ 16
9,35, ~ 21
9,36, ~ 15
9,37, ~ 17
9,38, ~ 19
9,39, ~ 25
9,40, ~ 29
9,41, ~ 26
9,42, ~ 28
9,43, ~ 25
9,44, ~ 9
9,45, ~ 24
9,46, ~ 14
9,47, ~ 17
9,48, ~ 36
9,49, ~ 25
10,11, ~ 35
10,12, ~ 35
10,13, ~ 29
10,14, ~ 30
10,15, ~ 27
10,16, ~ 41
10,17, ~ 33
10,18, ~ 34
10,19, ~ 45
10,20, ~ 22
10,21, ~ 21
10,22, ~ 27
10,23, ~ 33
10,24, ~ 40
10,25, ~ 31
10,26, ~ 39
10,27, ~ 29
10,28, ~ 33
10,29, ~ 32
10,30, ~ 31
10,31, ~ 32
10,32, ~ 28
10,33, ~ 36
10,34, ~ 25
10,35, ~ 21
10,36, ~ 28
10,37, ~ 35
10,38, ~ 29
10,39, ~ 31
10,40, ~ 31
10,41, ~ 28
10,42, ~ 32
10,43, ~ 31
10,44, ~ 30
10,45, ~ 25
10,46, ~ 17
10,47, ~ 35
10,48, ~ 27
10,49, ~ 25
11,12, ~ 27
11,13, ~ 27
11,14, ~ 23
11,15, ~ 22
11,16, ~ 27
11,17, ~ 29
11,18, ~ 22
11,19, ~ 27
11,20, ~ 19
11,21, ~ 23
11,22, ~ 28
11,23, ~ 30
11,24, ~ 33
11,25, ~ 24
11,26, ~ 32
11,27, ~ 24
11,28, ~ 31
11,29, ~ 21
11,30, ~ 21
11,31, ~ 24
11,32, ~ 28
11,33, ~ 27
11,34, ~ 16
11,35, ~ 21
11,36, ~ 18
11,37, ~ 24
11,38, ~ 20
11,39, ~ 23
11,40, ~ 29
11,41, ~ 16
11,42, ~ 20
11,43, ~ 29
11,44, ~ 12
11,45, ~ 26
11,46, ~ 12
11,47, ~ 29
11,48, ~ 32
11,49, ~ 24
12,13, ~ 25
12,14, ~ 25
12,15, ~ 15
12,16, ~ 25
12,17, ~ 34
12,18, ~ 20
12,19, ~ 31
12,20, ~ 28
12,21, ~ 20
12,22, ~ 15
12,23, ~ 29
12,24, ~ 21
12,25, ~ 24
12,26, ~ 33
12,27, ~ 23
12,28, ~ 34
12,29, ~ 28
12,30, ~ 25
12,31, ~ 26
12,32, ~ 23
12,33, ~ 29
12,34, ~ 24
12,35, ~ 25
12,36, ~ 29
12,37, ~ 28
12,38, ~ 25
12,39, ~ 26
12,40, ~ 27
12,41, ~ 22
12,42, ~ 23
12,43, ~ 28
12,44, ~ 21
12,45, ~ 22
12,46, ~ 14
12,47, ~ 26
12,48, ~ 23
12,49, ~ 25
13,14, ~ 25
13,15, ~ 13
13,16, ~ 27
13,17, ~ 33
13,18, ~ 26
13,19, ~ 29
13,20, ~ 21
13,21, ~ 17
13,22, ~ 20
13,23, ~ 18
13,24, ~ 22
13,25, ~ 25
13,26, ~ 28
13,27, ~ 25
13,28, ~ 24
13,29, ~ 20
13,30, ~ 20
13,31, ~ 21
13,32, ~ 20
13,33, ~ 28
13,34, ~ 17
13,35, ~ 22
13,36, ~ 18
13,37, ~ 27
13,38, ~ 18
13,39, ~ 21
13,40, ~ 24
13,41, ~ 13
13,42, ~ 23
13,43, ~ 17
13,44, ~ 9
13,45, ~ 18
13,46, ~ 12
13,47, ~ 19
13,48, ~ 26
13,49, ~ 21
14,15, ~ 21
14,16, ~ 27
14,17, ~ 25
14,18, ~ 28
14,19, ~ 37
14,20, ~ 30
14,21, ~ 26
14,22, ~ 30
14,23, ~ 32
14,24, ~ 33
14,25, ~ 25
14,26, ~ 41
14,27, ~ 22
14,28, ~ 32
14,29, ~ 15
14,30, ~ 28
14,31, ~ 24
14,32, ~ 27
14,33, ~ 30
14,34, ~ 22
14,35, ~ 15
14,36, ~ 22
14,37, ~ 27
14,38, ~ 29
14,39, ~ 26
14,40, ~ 38
14,41, ~ 28
14,42, ~ 35
14,43, ~ 18
14,44, ~ 16
14,45, ~ 26
14,46, ~ 19
14,47, ~ 26
14,48, ~ 28
14,49, ~ 31
15,16, ~ 20
15,17, ~ 18
15,18, ~ 15
15,19, ~ 26
15,20, ~ 15
15,21, ~ 16
15,22, ~ 20
15,23, ~ 20
15,24, ~ 19
15,25, ~ 20
15,26, ~ 30
15,27, ~ 18
15,28, ~ 21
15,29, ~ 13
15,30, ~ 24
15,31, ~ 17
15,32, ~ 24
15,33, ~ 21
15,34, ~ 17
15,35, ~ 22
15,36, ~ 19
15,37, ~ 22
15,38, ~ 25
15,39, ~ 16
15,40, ~ 16
15,41, ~ 22
15,42, ~ 22
15,43, ~ 14
15,44, ~ 11
15,45, ~ 24
15,46, ~ 10
15,47, ~ 30
15,48, ~ 25
15,49, ~ 19
16,17, ~ 36
16,18, ~ 24
16,19, ~ 26
16,20, ~ 26
16,21, ~ 27
16,22, ~ 24
16,23, ~ 31
16,24, ~ 25
16,25, ~ 22
16,26, ~ 40
16,27, ~ 23
16,28, ~ 30
16,29, ~ 25
16,30, ~ 26
16,31, ~ 29
16,32, ~ 23
16,33, ~ 32
16,34, ~ 24
16,35, ~ 16
16,36, ~ 29
16,37, ~ 19
16,38, ~ 26
16,39, ~ 24
16,40, ~ 30
16,41, ~ 20
16,42, ~ 21
16,43, ~ 27
16,44, ~ 17
16,45, ~ 26
16,46, ~ 15
16,47, ~ 29
16,48, ~ 23
16,49, ~ 24
17,18, ~ 24
17,19, ~ 30
17,20, ~ 33
17,21, ~ 23
17,22, ~ 23
17,23, ~ 34
17,24, ~ 27
17,25, ~ 27
17,26, ~ 33
17,27, ~ 35
17,28, ~ 33
17,29, ~ 25
17,30, ~ 30
17,31, ~ 31
17,32, ~ 28
17,33, ~ 36
17,34, ~ 23
17,35, ~ 25
17,36, ~ 30
17,37, ~ 29
17,38, ~ 27
17,39, ~ 31
17,40, ~ 32
17,41, ~ 24
17,42, ~ 25
17,43, ~ 34
17,44, ~ 21
17,45, ~ 32
17,46, ~ 18
17,47, ~ 38
17,48, ~ 30
17,49, ~ 29
18,19, ~ 29
18,20, ~ 19
18,21, ~ 22
18,22, ~ 13
18,23, ~ 17
18,24, ~ 28
18,25, ~ 18
18,26, ~ 24
18,27, ~ 27
18,28, ~ 23
18,29, ~ 25
18,30, ~ 23
18,31, ~ 24
18,32, ~ 16
18,33, ~ 26
18,34, ~ 19
18,35, ~ 11
18,36, ~ 19
18,37, ~ 28
18,38, ~ 19
18,39, ~ 29
18,40, ~ 25
18,41, ~ 23
18,42, ~ 31
18,43, ~ 18
18,44, ~ 17
18,45, ~ 23
18,46, ~ 25
18,47, ~ 23
18,48, ~ 35
18,49, ~ 22
19,20, ~ 26
19,21, ~ 22
19,22, ~ 31
19,23, ~ 29
19,24, ~ 27
19,25, ~ 29
19,26, ~ 33
19,27, ~ 27
19,28, ~ 32
19,29, ~ 22
19,30, ~ 27
19,31, ~ 22
19,32, ~ 26
19,33, ~ 40
19,34, ~ 25
19,35, ~ 20
19,36, ~ 22
19,37, ~ 28
19,38, ~ 25
19,39, ~ 26
19,40, ~ 23
19,41, ~ 25
19,42, ~ 28
19,43, ~ 29
19,44, ~ 20
19,45, ~ 21
19,46, ~ 23
19,47, ~ 31
19,48, ~ 31
19,49, ~ 32
20,21, ~ 29
20,22, ~ 19
20,23, ~ 32
20,24, ~ 29
20,25, ~ 24
20,26, ~ 34
20,27, ~ 27
20,28, ~ 33
20,29, ~ 22
20,30, ~ 24
20,31, ~ 26
20,32, ~ 24
20,33, ~ 24
20,34, ~ 22
20,35, ~ 16
20,36, ~ 26
20,37, ~ 22
20,38, ~ 22
20,39, ~ 24
20,40, ~ 33
20,41, ~ 25
20,42, ~ 21
20,43, ~ 14
20,44, ~ 15
20,45, ~ 18
20,46, ~ 15
20,47, ~ 24
20,48, ~ 27
20,49, ~ 25
21,22, ~ 26
21,23, ~ 38
21,24, ~ 28
21,25, ~ 27
21,26, ~ 30
21,27, ~ 27
21,28, ~ 25
21,29, ~ 22
21,30, ~ 21
21,31, ~ 27
21,32, ~ 23
21,33, ~ 28
21,34, ~ 22
21,35, ~ 21
21,36, ~ 30
21,37, ~ 22
21,38, ~ 21
21,39, ~ 35
21,40, ~ 22
21,41, ~ 19
21,42, ~ 27
21,43, ~ 25
21,44, ~ 22
21,45, ~ 25
21,46, ~ 18
21,47, ~ 26
21,48, ~ 19
21,49, ~ 24
22,23, ~ 24
22,24, ~ 30
22,25, ~ 16
22,26, ~ 31
22,27, ~ 18
22,28, ~ 28
22,29, ~ 21
22,30, ~ 23
22,31, ~ 22
22,32, ~ 19
22,33, ~ 28
22,34, ~ 14
22,35, ~ 21
22,36, ~ 21
22,37, ~ 19
22,38, ~ 17
22,39, ~ 17
22,40, ~ 19
22,41, ~ 28
22,42, ~ 25
22,43, ~ 25
22,44, ~ 13
22,45, ~ 20
22,46, ~ 17
22,47, ~ 24
22,48, ~ 24
22,49, ~ 24
23,24, ~ 40
23,25, ~ 27
23,26, ~ 44
23,27, ~ 25
23,28, ~ 38
23,29, ~ 22
23,30, ~ 32
23,31, ~ 33
23,32, ~ 25
23,33, ~ 46
23,34, ~ 27
23,35, ~ 24
23,36, ~ 23
23,37, ~ 36
23,38, ~ 26
23,39, ~ 37
23,40, ~ 37
23,41, ~ 31
23,42, ~ 29
23,43, ~ 39
23,44, ~ 25
23,45, ~ 38
23,46, ~ 21
23,47, ~ 41
23,48, ~ 25
23,49, ~ 29
24,25, ~ 28
24,26, ~ 41
24,27, ~ 26
24,28, ~ 28
24,29, ~ 22
24,30, ~ 29
24,31, ~ 34
24,32, ~ 27
24,33, ~ 35
24,34, ~ 27
24,35, ~ 19
24,36, ~ 18
24,37, ~ 29
24,38, ~ 31
24,39, ~ 30
24,40, ~ 28
24,41, ~ 21
24,42, ~ 31
24,43, ~ 40
24,44, ~ 19
24,45, ~ 24
24,46, ~ 22
24,47, ~ 33
24,48, ~ 34
24,49, ~ 33
25,26, ~ 38
25,27, ~ 26
25,28, ~ 31
25,29, ~ 24
25,30, ~ 22
25,31, ~ 29
25,32, ~ 20
25,33, ~ 30
25,34, ~ 25
25,35, ~ 17
25,36, ~ 22
25,37, ~ 27
25,38, ~ 17
25,39, ~ 22
25,40, ~ 31
25,41, ~ 21
25,42, ~ 22
25,43, ~ 21
25,44, ~ 16
25,45, ~ 20
25,46, ~ 9
25,47, ~ 24
25,48, ~ 20
25,49, ~ 24
26,27, ~ 37
26,28, ~ 43
26,29, ~ 33
26,30, ~ 36
26,31, ~ 38
26,32, ~ 28
26,33, ~ 40
26,34, ~ 33
26,35, ~ 31
26,36, ~ 45
26,37, ~ 27
26,38, ~ 32
26,39, ~ 34
26,40, ~ 34
26,41, ~ 29
26,42, ~ 34
26,43, ~ 22
26,44, ~ 22
26,45, ~ 30
26,46, ~ 19
26,47, ~ 31
26,48, ~ 40
26,49, ~ 33
27,28, ~ 30
27,29, ~ 23
27,30, ~ 37
27,31, ~ 34
27,32, ~ 27
27,33, ~ 35
27,34, ~ 22
27,35, ~ 17
27,36, ~ 30
27,37, ~ 22
27,38, ~ 32
27,39, ~ 33
27,40, ~ 24
27,41, ~ 27
27,42, ~ 30
27,43, ~ 29
27,44, ~ 20
27,45, ~ 22
27,46, ~ 14
27,47, ~ 26
27,48, ~ 37
27,49, ~ 26
28,29, ~ 27
28,30, ~ 33
28,31, ~ 29
28,32, ~ 19
28,33, ~ 34
28,34, ~ 18
28,35, ~ 20
28,36, ~ 25
28,37, ~ 36
28,38, ~ 21
28,39, ~ 32
28,40, ~ 29
28,41, ~ 32
28,42, ~ 29
28,43, ~ 27
28,44, ~ 24
28,45, ~ 29
28,46, ~ 23
28,47, ~ 34
28,48, ~ 32
28,49, ~ 32
29,30, ~ 26
29,31, ~ 31
29,32, ~ 26
29,33, ~ 28
29,34, ~ 19
29,35, ~ 12
29,36, ~ 28
29,37, ~ 24
29,38, ~ 19
29,39, ~ 26
29,40, ~ 28
29,41, ~ 16
29,42, ~ 27
29,43, ~ 22
29,44, ~ 23
29,45, ~ 25
29,46, ~ 15
29,47, ~ 19
29,48, ~ 30
29,49, ~ 24
30,31, ~ 31
30,32, ~ 32
30,33, ~ 39
30,34, ~ 29
30,35, ~ 17
30,36, ~ 31
30,37, ~ 28
30,38, ~ 19
30,39, ~ 26
30,40, ~ 30
30,41, ~ 24
30,42, ~ 29
30,43, ~ 31
30,44, ~ 20
30,45, ~ 23
30,46, ~ 15
30,47, ~ 28
30,48, ~ 28
30,49, ~ 29
31,32, ~ 31
31,33, ~ 32
31,34, ~ 20
31,35, ~ 23
31,36, ~ 26
31,37, ~ 20
31,38, ~ 20
31,39, ~ 28
31,40, ~ 31
31,41, ~ 26
31,42, ~ 28
31,43, ~ 22
31,44, ~ 21
31,45, ~ 28
31,46, ~ 16
31,47, ~ 25
31,48, ~ 24
31,49, ~ 34
32,33, ~ 25
32,34, ~ 21
32,35, ~ 18
32,36, ~ 24
32,37, ~ 30
32,38, ~ 19
32,39, ~ 22
32,40, ~ 24
32,41, ~ 19
32,42, ~ 27
32,43, ~ 24
32,44, ~ 14
32,45, ~ 23
32,46, ~ 14
32,47, ~ 26
32,48, ~ 28
32,49, ~ 25
33,34, ~ 31
33,35, ~ 28
33,36, ~ 32
33,37, ~ 36
33,38, ~ 27
33,39, ~ 30
33,40, ~ 29
33,41, ~ 22
33,42, ~ 33
33,43, ~ 35
33,44, ~ 15
33,45, ~ 35
33,46, ~ 24
33,47, ~ 34
33,48, ~ 32
33,49, ~ 30
34,35, ~ 18
34,36, ~ 26
34,37, ~ 26
34,38, ~ 19
34,39, ~ 26
34,40, ~ 23
34,41, ~ 20
34,42, ~ 19
34,43, ~ 21
34,44, ~ 20
34,45, ~ 23
34,46, ~ 14
34,47, ~ 24
34,48, ~ 19
34,49, ~ 24
35,36, ~ 16
35,37, ~ 17
35,38, ~ 16
35,39, ~ 19
35,40, ~ 13
35,41, ~ 16
35,42, ~ 23
35,43, ~ 24
35,44, ~ 20
35,45, ~ 20
35,46, ~ 13
35,47, ~ 21
35,48, ~ 19
35,49, ~ 22
36,37, ~ 25
36,38, ~ 27
36,39, ~ 19
36,40, ~ 19
36,41, ~ 17
36,42, ~ 24
36,43, ~ 25
36,44, ~ 18
36,45, ~ 26
36,46, ~ 14
36,47, ~ 28
36,48, ~ 22
36,49, ~ 21
37,38, ~ 29
37,39, ~ 25
37,40, ~ 31
37,41, ~ 21
37,42, ~ 28
37,43, ~ 27
37,44, ~ 18
37,45, ~ 20
37,46, ~ 15
37,47, ~ 26
37,48, ~ 28
37,49, ~ 28
38,39, ~ 25
38,40, ~ 36
38,41, ~ 20
38,42, ~ 28
38,43, ~ 21
38,44, ~ 20
38,45, ~ 25
38,46, ~ 16
38,47, ~ 29
38,48, ~ 30
38,49, ~ 28
39,40, ~ 30
39,41, ~ 22
39,42, ~ 23
39,43, ~ 21
39,44, ~ 21
39,45, ~ 22
39,46, ~ 19
39,47, ~ 27
39,48, ~ 26
39,49, ~ 24
40,41, ~ 28
40,42, ~ 32
40,43, ~ 30
40,44, ~ 16
40,45, ~ 28
40,46, ~ 15
40,47, ~ 27
40,48, ~ 27
40,49, ~ 36
41,42, ~ 25
41,43, ~ 29
41,44, ~ 16
41,45, ~ 20
41,46, ~ 10
41,47, ~ 25
41,48, ~ 28
41,49, ~ 26
42,43, ~ 27
42,44, ~ 20
42,45, ~ 34
42,46, ~ 22
42,47, ~ 30
42,48, ~ 28
42,49, ~ 27
43,44, ~ 17
43,45, ~ 30
43,46, ~ 12
43,47, ~ 27
43,48, ~ 31
43,49, ~ 31
44,45, ~ 23
44,46, ~ 12
44,47, ~ 20
44,48, ~ 20
44,49, ~ 14
45,46, ~ 20
45,47, ~ 32
45,48, ~ 26
45,49, ~ 26
46,47, ~ 21
46,48, ~ 19
46,49, ~ 23
47,48, ~ 30
47,49, ~ 27
48,49, ~ 35
0,1,7, ~ 9
0,1,8, ~ 9
0,1,9, ~ 10
0,1,26, ~ 11
0,2,19, ~ 9
0,2,26, ~ 9
0,2,42, ~ 12
0,3,26, ~ 10
0,4,5, ~ 10
0,4,6, ~ 10
0,4,7, ~ 9
0,4,8, ~ 10
0,4,14, ~ 10
0,4,26, ~ 9
0,4,27, ~ 13
0,4,42, ~ 9
0,5,12, ~ 9
0,5,19, ~ 9
0,5,26, ~ 10
0,5,31, ~ 9
0,5,42, ~ 12
0,5,49, ~ 10
0,6,12, ~ 9
0,6,14, ~ 12
0,6,17, ~ 9
0,6,19, ~ 11
0,6,23, ~ 10
0,6,26, ~ 9
0,6,33, ~ 9
0,6,40, ~ 9
0,6,49, ~ 10
0,7,8, ~ 9
0,7,11, ~ 10
0,7,29, ~ 9
0,7,31, ~ 9
0,7,32, ~ 10
0,8,11, ~ 9
0,8,14, ~ 9
0,8,24, ~ 10
0,8,26, ~ 11
0,8,42, ~ 10
0,8,48, ~ 9
0,9,26, ~ 9
0,10,19, ~ 9
0,10,26, ~ 10
0,11,24, ~ 10
0,11,31, ~ 10
0,12,14, ~ 9
0,12,17, ~ 9
0,12,19, ~ 9
0,12,31, ~ 9
0,12,43, ~ 9
0,12,49, ~ 10
0,13,19, ~ 9
0,14,17, ~ 9
0,14,37, ~ 9
0,14,40, ~ 9
0,14,49, ~ 11
0,15,47, ~ 9
0,17,19, ~ 11
0,17,25, ~ 10
0,17,27, ~ 10
0,17,31, ~ 9
0,17,37, ~ 10
0,17,44, ~ 9
0,17,45, ~ 10
0,17,47, ~ 10
0,17,49, ~ 10
0,18,19, ~ 10
0,19,27, ~ 9
0,19,42, ~ 9
0,19,47, ~ 9
0,19,48, ~ 9
0,19,49, ~ 10
0,20,21, ~ 9
0,21,39, ~ 10
0,21,40, ~ 10
0,23,26, ~ 12
0,23,37, ~ 10
0,23,40, ~ 12
0,23,45, ~ 10
0,24,28, ~ 9
0,24,43, ~ 9
0,25,26, ~ 9
0,25,31, ~ 9
0,25,40, ~ 9
0,26,29, ~ 9
0,26,33, ~ 9
0,26,36, ~ 10
0,26,38, ~ 9
0,26,42, ~ 11
0,26,48, ~ 11
0,27,31, ~ 9
0,27,48, ~ 9
0,28,41, ~ 11
0,28,43, ~ 11
0,29,36, ~ 9
0,29,37, ~ 10
0,29,45, ~ 10
0,31,42, ~ 9
0,31,49, ~ 9
0,34,45, ~ 9
0,36,47, ~ 11
0,37,49, ~ 12
0,38,40, ~ 10
0,38,49, ~ 10
0,40,45, ~ 9
0,40,49, ~ 10
0,41,43, ~ 9
0,42,45, ~ 9
0,42,49, ~ 9
0,43,49, ~ 11
0,47,49, ~ 9
1,2,20, ~ 10
1,2,26, ~ 11
1,2,42, ~ 9
1,2,45, ~ 9
1,3,6, ~ 10
1,3,10, ~ 9
1,3,19, ~ 9
1,3,23, ~ 11
1,3,30, ~ 9
1,3,33, ~ 10
1,3,37, ~ 9
1,3,43, ~ 12
1,4,8, ~ 9
1,4,17, ~ 9
1,4,26, ~ 10
1,4,30, ~ 9
1,4,31, ~ 9
1,5,7, ~ 9
1,5,10, ~ 11
1,5,11, ~ 10
1,5,13, ~ 9
1,5,17, ~ 11
1,5,18, ~ 10
1,5,21, ~ 9
1,5,23, ~ 11
1,5,26, ~ 10
1,5,27, ~ 9
1,5,28, ~ 12
1,5,30, ~ 9
1,5,33, ~ 12
1,5,37, ~ 9
1,5,42, ~ 10
1,5,43, ~ 9
1,6,14, ~ 9
1,6,18, ~ 9
1,6,23, ~ 10
1,6,24, ~ 11
1,6,30, ~ 10
1,6,31, ~ 11
1,6,37, ~ 9
1,6,39, ~ 11
1,6,49, ~ 11
1,7,9, ~ 9
1,7,10, ~ 14
1,7,11, ~ 11
1,7,13, ~ 13
1,7,14, ~ 9
1,7,17, ~ 9
1,7,18, ~ 9
1,7,19, ~ 9
1,7,23, ~ 11
1,7,25, ~ 9
1,7,26, ~ 14
1,7,27, ~ 9
1,7,28, ~ 9
1,7,30, ~ 10
1,7,31, ~ 9
1,7,36, ~ 10
1,7,45, ~ 9
1,7,47, ~ 11
1,7,48, ~ 11
1,7,49, ~ 9
1,8,9, ~ 10
1,8,10, ~ 16
1,8,11, ~ 10
1,8,14, ~ 9
1,8,16, ~ 11
1,8,17, ~ 13
1,8,18, ~ 9
1,8,20, ~ 9
1,8,22, ~ 9
1,8,23, ~ 10
1,8,24, ~ 9
1,8,25, ~ 12
1,8,26, ~ 17
1,8,28, ~ 13
1,8,30, ~ 10
1,8,31, ~ 13
1,8,32, ~ 9
1,8,33, ~ 12
1,8,39, ~ 9
1,8,42, ~ 9
1,8,45, ~ 9
1,9,10, ~ 14
1,9,13, ~ 9
1,9,17, ~ 11
1,9,19, ~ 9
1,9,20, ~ 10
1,9,23, ~ 11
1,9,24, ~ 11
1,9,25, ~ 13
1,9,26, ~ 13
1,9,28, ~ 10
1,9,30, ~ 9
1,9,31, ~ 11
1,9,43, ~ 9
1,9,49, ~ 9
1,10,11, ~ 12
1,10,12, ~ 12
1,10,13, ~ 13
1,10,14, ~ 11
1,10,16, ~ 12
1,10,17, ~ 12
1,10,18, ~ 14
1,10,19, ~ 12
1,10,22, ~ 9
1,10,23, ~ 11
1,10,24, ~ 12
1,10,25, ~ 16
1,10,26, ~ 12
1,10,27, ~ 10
1,10,28, ~ 16
1,10,29, ~ 9
1,10,30, ~ 10
1,10,31, ~ 15
1,10,33, ~ 12
1,10,36, ~ 9
1,10,37, ~ 13
1,10,38, ~ 10
1,10,39, ~ 12
1,10,41, ~ 10
1,10,42, ~ 9
1,10,45, ~ 11
1,10,46, ~ 9
1,10,47, ~ 11
1,10,48, ~ 11
1,10,49, ~ 9
1,11,13, ~ 11
1,11,23, ~ 9
1,11,25, ~ 9
1,11,26, ~ 11
1,11,28, ~ 12
1,12,28, ~ 9
1,12,43, ~ 10
1,12,47, ~ 9
1,13,16, ~ 9
1,13,17, ~ 10
1,13,18, ~ 9
1,13,19, ~ 9
1,13,25, ~ 11
1,13,26, ~ 10
1,13,27, ~ 10
1,13,30, ~ 9
1,13,31, ~ 12
1,13,48, ~ 10
1,14,19, ~ 9
1,14,22, ~ 17
1,14,23, ~ 12
1,14,25, ~ 9
1,14,26, ~ 9
1,14,28, ~ 11
1,14,30, ~ 10
1,14,33, ~ 10
1,14,38, ~ 10
1,14,39, ~ 9
1,14,40, ~ 11
1,14,41, ~ 11
1,14,42, ~ 9
1,14,45, ~ 9
1,14,46, ~ 9
1,14,47, ~ 9
1,14,49, ~ 10
1,16,17, ~ 11
1,16,20, ~ 9
1,16,22, ~ 13
1,16,26, ~ 10
1,16,28, ~ 10
1,16,30, ~ 10
1,16,31, ~ 10
1,16,33, ~ 11
1,16,36, ~ 10
1,16,40, ~ 10
1,16,43, ~ 9
1,16,47, ~ 9
1,17,20, ~ 11
1,17,24, ~ 9
1,17,25, ~ 10
1,17,26, ~ 12
1,17,27, ~ 11
1,17,28, ~ 12
1,17,29, ~ 9
1,17,30, ~ 11
1,17,31, ~ 13
1,17,33, ~ 13
1,17,36, ~ 10
1,17,39, ~ 10
1,17,43, ~ 11
1,17,45, ~ 10
1,17,47, ~ 13
1,17,48, ~ 10
1,18,25, ~ 10
1,18,31, ~ 10
1,18,39, ~ 9
1,18,42, ~ 9
1,18,48, ~ 11
1,19,22, ~ 12
1,19,23, ~ 11
1,19,24, ~ 10
1,19,28, ~ 12
1,19,33, ~ 11
1,19,34, ~ 10
1,19,37, ~ 10
1,19,39, ~ 12
1,19,43, ~ 12
1,19,49, ~ 11
1,20,23, ~ 9
1,20,24, ~ 9
1,20,25, ~ 9
1,20,26, ~ 11
1,20,31, ~ 11
1,20,39, ~ 10
1,20,40, ~ 10
1,21,23, ~ 11
1,21,28, ~ 9
1,21,31, ~ 9
1,21,33, ~ 9
1,22,23, ~ 11
1,22,24, ~ 10
1,22,26, ~ 14
1,22,28, ~ 12
1,22,30, ~ 10
1,22,31, ~ 10
1,22,33, ~ 12
1,22,36, ~ 10
1,22,41, ~ 9
1,22,48, ~ 9
1,22,49, ~ 11
1,23,24, ~ 10
1,23,25, ~ 10
1,23,26, ~ 14
1,23,28, ~ 14
1,23,31, ~ 11
1,23,33, ~ 14
1,23,37, ~ 15
1,23,39, ~ 12
1,23,40, ~ 9
1,23,41, ~ 10
1,23,43, ~ 14
1,23,45, ~ 11
1,23,47, ~ 11
1,23,49, ~ 11
1,24,25, ~ 12
1,24,26, ~ 13
1,24,28, ~ 9
1,24,30, ~ 9
1,24,31, ~ 11
1,24,37, ~ 10
1,24,38, ~ 10
1,24,39, ~ 9
1,24,43, ~ 12
1,24,49, ~ 10
1,25,26, ~ 13
1,25,28, ~ 10
1,25,31, ~ 14
1,25,33, ~ 10
1,25,37, ~ 9
1,25,38, ~ 9
1,25,39, ~ 10
1,25,40, ~ 10
1,25,45, ~ 10
1,25,47, ~ 9
1,26,27, ~ 13
1,26,28, ~ 13
1,26,29, ~ 10
1,26,30, ~ 11
1,26,31, ~ 18
1,26,33, ~ 13
1,26,36, ~ 12
1,26,38, ~ 10
1,26,39, ~ 11
1,26,40, ~ 9
1,26,42, ~ 10
1,26,43, ~ 9
1,26,44, ~ 9
1,26,47, ~ 9
1,26,48, ~ 10
1,26,49, ~ 13
1,27,28, ~ 9
1,27,30, ~ 11
1,27,31, ~ 11
1,27,36, ~ 10
1,27,39, ~ 10
1,27,41, ~ 9
1,27,42, ~ 9
1,27,43, ~ 10
1,27,47, ~ 9
1,27,48, ~ 10
1,28,29, ~ 10
1,28,30, ~ 9
1,28,31, ~ 13
1,28,33, ~ 16
1,28,36, ~ 9
1,28,37, ~ 14
1,28,39, ~ 13
1,28,41, ~ 11
1,28,43, ~ 9
1,28,44, ~ 11
1,28,45, ~ 12
1,28,47, ~ 11
1,28,48, ~ 9
1,28,49, ~ 10
1,29,30, ~ 9
1,29,31, ~ 13
1,29,33, ~ 12
1,29,39, ~ 9
1,30,31, ~ 14
1,30,32, ~ 12
1,30,33, ~ 9
1,30,36, ~ 9
1,30,39, ~ 9
1,30,40, ~ 9
1,30,43, ~ 13
1,31,33, ~ 9
1,31,36, ~ 9
1,31,39, ~ 12
1,31,40, ~ 9
1,31,41, ~ 9
1,31,45, ~ 11
1,31,47, ~ 9
1,31,48, ~ 10
1,31,49, ~ 12
1,33,36, ~ 12
1,33,37, ~ 10
1,33,39, ~ 10
1,33,40, ~ 10
1,33,43, ~ 13
1,33,45, ~ 11
1,33,47, ~ 12
1,33,49, ~ 10
1,36,47, ~ 9
1,37,39, ~ 10
1,37,42, ~ 9
1,38,39, ~ 9
1,38,40, ~ 11
1,38,42, ~ 10
1,38,48, ~ 9
1,38,49, ~ 9
1,39,43, ~ 9
1,39,49, ~ 10
1,41,47, ~ 9
1,41,49, ~ 10
1,42,45, ~ 9
1,43,45, ~ 10
1,43,47, ~ 9
1,43,49, ~ 11
2,4,26, ~ 9
2,4,42, ~ 9
2,5,10, ~ 9
2,5,13, ~ 9
2,5,26, ~ 11
2,5,33, ~ 9
2,5,42, ~ 11
2,5,47, ~ 9
2,6,26, ~ 10
2,7,40, ~ 9
2,7,42, ~ 11
2,7,45, ~ 9
2,8,16, ~ 12
2,8,17, ~ 9
2,8,26, ~ 11
2,8,29, ~ 9
2,8,40, ~ 10
2,8,42, ~ 9
2,9,26, ~ 9
2,9,40, ~ 9
2,10,16, ~ 12
2,10,18, ~ 9
2,10,26, ~ 13
2,10,33, ~ 10
2,10,42, ~ 12
2,10,47, ~ 9
2,11,16, ~ 9
2,11,26, ~ 10
2,11,40, ~ 9
2,12,17, ~ 9
2,12,26, ~ 9
2,13,26, ~ 10
2,13,42, ~ 10
2,14,15, ~ 9
2,14,19, ~ 9
2,14,26, ~ 12
2,14,42, ~ 11
2,16,17, ~ 9
2,16,19, ~ 9
2,16,20, ~ 9
2,16,26, ~ 12
2,16,33, ~ 10
2,16,40, ~ 10
2,17,20, ~ 12
2,17,42, ~ 10
2,17,47, ~ 10
2,18,42, ~ 12
2,18,45, ~ 12
2,19,45, ~ 9
2,20,26, ~ 10
2,22,28, ~ 9
2,23,33, ~ 10
2,23,42, ~ 9
2,23,47, ~ 9
2,24,26, ~ 9
2,25,26, ~ 9
2,26,28, ~ 12
2,26,29, ~ 9
2,26,33, ~ 10
2,26,36, ~ 11
2,26,40, ~ 12
2,26,42, ~ 16
2,26,45, ~ 10
2,26,48, ~ 10
2,28,33, ~ 9
2,28,42, ~ 12
2,29,42, ~ 9
2,31,42, ~ 10
2,32,42, ~ 9
2,33,42, ~ 10
2,33,45, ~ 10
2,36,45, ~ 9
2,37,42, ~ 10
2,40,42, ~ 10
2,42,45, ~ 15
2,42,47, ~ 9
2,42,49, ~ 9
3,6,26, ~ 10
3,6,29, ~ 9
3,6,30, ~ 10
3,6,33, ~ 10
3,7,8, ~ 13
3,7,17, ~ 10
3,7,24, ~ 10
3,7,29, ~ 9
3,8,10, ~ 9
3,8,11, ~ 10
3,8,17, ~ 9
3,8,29, ~ 9
3,8,33, ~ 12
3,9,26, ~ 10
3,9,33, ~ 9
3,10,26, ~ 9
3,10,29, ~ 9
3,10,33, ~ 10
3,11,22, ~ 9
3,12,17, ~ 9
3,12,33, ~ 11
3,12,36, ~ 9
3,12,42, ~ 10
3,12,43, ~ 9
3,12,45, ~ 10
3,12,47, ~ 9
3,13,26, ~ 10
3,14,19, ~ 10
3,16,26, ~ 10
3,17,33, ~ 10
3,18,19, ~ 10
3,18,42, ~ 9
3,19,25, ~ 9
3,19,26, ~ 9
3,19,33, ~ 10
3,19,42, ~ 9
3,19,43, ~ 10
3,23,24, ~ 9
3,23,26, ~ 12
3,23,28, ~ 9
3,23,30, ~ 9
3,23,31, ~ 10
3,23,33, ~ 10
3,23,37, ~ 9
3,23,39, ~ 9
3,23,43, ~ 11
3,23,45, ~ 9
3,24,33, ~ 9
3,24,43, ~ 11
3,26,33, ~ 10
3,29,42, ~ 9
3,30,32, ~ 10
3,31,33, ~ 10
3,32,43, ~ 9
3,33,36, ~ 10
3,33,43, ~ 9
3,43,45, ~ 10
4,5,6, ~ 9
4,5,8, ~ 9
4,5,17, ~ 10
4,5,26, ~ 11
4,5,36, ~ 10
4,6,12, ~ 10
4,6,27, ~ 9
4,6,28, ~ 9
4,6,34, ~ 11
4,6,41, ~ 10
4,6,45, ~ 9
4,6,49, ~ 9
4,7,8, ~ 9
4,7,31, ~ 9
4,8,16, ~ 9
4,8,17, ~ 11
4,8,24, ~ 9
4,8,26, ~ 10
4,8,28, ~ 10
4,8,29, ~ 9
4,8,33, ~ 9
4,8,34, ~ 9
4,8,40, ~ 10
4,8,41, ~ 9
4,8,48, ~ 9
4,9,13, ~ 9
4,9,14, ~ 11
4,9,18, ~ 9
4,9,26, ~ 9
4,9,28, ~ 9
4,9,31, ~ 9
4,9,40, ~ 9
4,9,41, ~ 9
4,9,42, ~ 10
4,9,48, ~ 9
4,10,19, ~ 9
4,10,26, ~ 10
4,10,27, ~ 9
4,10,28, ~ 12
4,10,31, ~ 9
4,10,37, ~ 9
4,10,47, ~ 9
4,12,17, ~ 9
4,12,26, ~ 10
4,12,28, ~ 14
4,13,26, ~ 9
4,14,19, ~ 10
4,14,26, ~ 9
4,14,28, ~ 12
4,14,30, ~ 10
4,14,40, ~ 10
4,14,42, ~ 11
4,15,28, ~ 10
4,15,30, ~ 10
4,15,33, ~ 10
4,15,38, ~ 9
4,15,45, ~ 10
4,15,47, ~ 9
4,16,17, ~ 9
4,16,29, ~ 9
4,16,30, ~ 11
4,16,31, ~ 9
4,16,45, ~ 9
4,17,27, ~ 10
4,17,28, ~ 10
4,18,48, ~ 9
4,19,28, ~ 12
4,21,31, ~ 9
4,23,28, ~ 9
4,24,26, ~ 9
4,26,27, ~ 10
4,26,30, ~ 10
4,26,31, ~ 9
4,26,33, ~ 9
4,26,39, ~ 9
4,26,42, ~ 10
4,26,48, ~ 9
4,27,28, ~ 11
4,27,30, ~ 11
4,27,31, ~ 10
4,27,39, ~ 10
4,28,30, ~ 11
4,28,39, ~ 10
4,28,41, ~ 12
4,28,45, ~ 9
4,28,47, ~ 10
4,29,32, ~ 10
4,29,34, ~ 9
4,29,36, ~ 9
4,30,31, ~ 9
4,30,33, ~ 11
4,30,39, ~ 9
4,30,40, ~ 10
4,31,32, ~ 9
4,31,36, ~ 9
4,31,39, ~ 9
4,31,49, ~ 10
4,32,36, ~ 10
4,33,34, ~ 12
4,33,42, ~ 9
4,37,38, ~ 11
4,37,45, ~ 9
4,41,43, ~ 9
5,6,12, ~ 9
5,6,13, ~ 10
5,6,17, ~ 11
5,6,23, ~ 11
5,6,26, ~ 12
5,6,27, ~ 9
5,6,30, ~ 9
5,6,33, ~ 11
5,6,45, ~ 9
5,6,47, ~ 9
5,6,48, ~ 10
5,6,49, ~ 12
5,7,33, ~ 12
5,7,40, ~ 9
5,7,47, ~ 9
5,8,26, ~ 9
5,8,33, ~ 9
5,9,26, ~ 9
5,9,30, ~ 9
5,10,12, ~ 9
5,10,16, ~ 10
5,10,19, ~ 10
5,11,18, ~ 9
5,11,26, ~ 9
5,11,33, ~ 10
5,11,40, ~ 9
5,12,17, ~ 10
5,12,18, ~ 9
5,12,19, ~ 11
5,12,26, ~ 9
5,12,28, ~ 9
5,12,30, ~ 10
5,12,33, ~ 10
5,12,34, ~ 9
5,12,36, ~ 11
5,12,37, ~ 11
5,12,40, ~ 9
5,12,47, ~ 9
5,12,49, ~ 9
5,13,26, ~ 10
5,14,26, ~ 9
5,15,47, ~ 10
5,16,19, ~ 9
5,16,26, ~ 9
5,16,30, ~ 10
5,16,43, ~ 10
5,17,19, ~ 9
5,17,20, ~ 9
5,17,27, ~ 9
5,17,33, ~ 10
5,17,41, ~ 9
5,17,43, ~ 9
5,17,47, ~ 13
5,18,27, ~ 9
5,18,30, ~ 12
5,18,33, ~ 10
5,18,37, ~ 9
5,18,41, ~ 9
5,18,42, ~ 10
5,19,25, ~ 9
5,19,28, ~ 10
5,19,30, ~ 9
5,19,33, ~ 13
5,19,39, ~ 9
5,21,23, ~ 10
5,21,33, ~ 9
5,21,39, ~ 10
5,22,27, ~ 9
5,22,41, ~ 9
5,23,26, ~ 10
5,23,33, ~ 10
5,23,45, ~ 11
5,23,47, ~ 11
5,24,26, ~ 9
5,24,34, ~ 9
5,26,28, ~ 10
5,26,30, ~ 11
5,26,33, ~ 11
5,26,35, ~ 10
5,26,39, ~ 9
5,26,40, ~ 9
5,26,42, ~ 10
5,26,47, ~ 10
5,26,49, ~ 9
5,27,33, ~ 11
5,27,36, ~ 11
5,27,41, ~ 10
5,30,33, ~ 13
5,30,36, ~ 9
5,30,43, ~ 9
5,31,47, ~ 10
5,31,49, ~ 10
5,33,34, ~ 12
5,33,36, ~ 10
5,33,37, ~ 9
5,33,43, ~ 11
5,33,45, ~ 9
5,33,47, ~ 11
5,33,48, ~ 10
5,33,49, ~ 9
5,34,49, ~ 9
5,38,47, ~ 10
5,41,47, ~ 9
5,42,45, ~ 9
5,42,47, ~ 9
5,45,46, ~ 9
5,45,47, ~ 12
6,7,23, ~ 11
6,7,33, ~ 11
6,7,38, ~ 9
6,7,39, ~ 11
6,8,14, ~ 12
6,8,23, ~ 9
6,8,24, ~ 10
6,8,33, ~ 10
6,8,49, ~ 9
6,9,17, ~ 9
6,9,18, ~ 10
6,9,24, ~ 9
6,9,26, ~ 9
6,9,38, ~ 9
6,9,43, ~ 9
6,9,49, ~ 10
6,10,12, ~ 10
6,10,13, ~ 11
6,10,14, ~ 13
6,10,18, ~ 9
6,10,19, ~ 13
6,10,23, ~ 14
6,10,33, ~ 10
6,10,36, ~ 10
6,10,37, ~ 12
6,10,38, ~ 13
6,10,39, ~ 14
6,10,40, ~ 12
6,10,41, ~ 10
6,10,49, ~ 9
6,11,12, ~ 10
6,11,23, ~ 12
6,11,24, ~ 12
6,11,35, ~ 9
6,11,43, ~ 10
6,12,13, ~ 9
6,12,14, ~ 11
6,12,19, ~ 13
6,12,23, ~ 10
6,12,24, ~ 10
6,12,26, ~ 10
6,12,28, ~ 9
6,12,29, ~ 11
6,12,30, ~ 9
6,12,31, ~ 9
6,12,32, ~ 9
6,12,34, ~ 11
6,12,36, ~ 9
6,12,40, ~ 10
6,12,41, ~ 9
6,12,47, ~ 10
6,12,49, ~ 10
6,13,17, ~ 9
6,13,18, ~ 9
6,13,19, ~ 10
6,13,26, ~ 10
6,13,33, ~ 9
6,13,35, ~ 9
6,13,37, ~ 9
6,13,49, ~ 9
6,14,19, ~ 11
6,14,23, ~ 13
6,14,24, ~ 13
6,14,26, ~ 9
6,14,28, ~ 9
6,14,30, ~ 10
6,14,31, ~ 9
6,14,33, ~ 12
6,14,34, ~ 12
6,14,37, ~ 11
6,14,38, ~ 11
6,14,39, ~ 11
6,14,40, ~ 9
6,14,42, ~ 9
6,14,48, ~ 10
6,14,49, ~ 11
6,15,16, ~ 9
6,15,23, ~ 9
6,15,24, ~ 9
6,15,28, ~ 9
6,15,38, ~ 10
6,15,39, ~ 10
6,15,47, ~ 10
6,16,19, ~ 9
6,16,23, ~ 9
6,16,26, ~ 11
6,16,27, ~ 9
6,16,38, ~ 10
6,16,39, ~ 10
6,17,23, ~ 12
6,17,26, ~ 9
6,17,27, ~ 10
6,17,33, ~ 11
6,17,34, ~ 10
6,17,35, ~ 11
6,17,37, ~ 9
6,17,38, ~ 9
6,17,39, ~ 11
6,17,43, ~ 9
6,17,45, ~ 11
6,17,49, ~ 9
6,18,19, ~ 9
6,18,31, ~ 13
6,18,33, ~ 9
6,18,37, ~ 11
6,18,39, ~ 11
6,18,48, ~ 10
6,18,49, ~ 11
6,19,22, ~ 10
6,19,23, ~ 13
6,19,25, ~ 10
6,19,26, ~ 9
6,19,27, ~ 10
6,19,29, ~ 12
6,19,33, ~ 13
6,19,34, ~ 11
6,19,35, ~ 12
6,19,41, ~ 9
6,19,43, ~ 10
6,19,48, ~ 9
6,19,49, ~ 9
6,20,23, ~ 14
6,20,28, ~ 9
6,20,31, ~ 9
6,20,37, ~ 10
6,20,48, ~ 9
6,20,49, ~ 10
6,21,35, ~ 9
6,21,39, ~ 9
6,22,23, ~ 10
6,22,24, ~ 9
6,22,26, ~ 10
6,22,42, ~ 9
6,22,43, ~ 9
6,22,48, ~ 9
6,23,24, ~ 14
6,23,25, ~ 9
6,23,26, ~ 12
6,23,28, ~ 10
6,23,29, ~ 10
6,23,30, ~ 10
6,23,31, ~ 11
6,23,33, ~ 14
6,23,35, ~ 9
6,23,37, ~ 15
6,23,38, ~ 12
6,23,39, ~ 13
6,23,40, ~ 15
6,23,41, ~ 12
6,23,42, ~ 10
6,23,43, ~ 13
6,23,44, ~ 9
6,23,45, ~ 12
6,23,46, ~ 9
6,23,47, ~ 13
6,23,48, ~ 9
6,23,49, ~ 12
6,24,31, ~ 11
6,24,32, ~ 10
6,24,35, ~ 10
6,24,37, ~ 12
6,24,38, ~ 10
6,24,41, ~ 9
6,24,42, ~ 10
6,24,43, ~ 13
6,24,47, ~ 9
6,24,48, ~ 10
6,24,49, ~ 12
6,25,26, ~ 9
6,25,29, ~ 11
6,25,33, ~ 9
6,25,34, ~ 10
6,25,49, ~ 11
6,26,27, ~ 12
6,26,28, ~ 9
6,26,29, ~ 12
6,26,30, ~ 11
6,26,33, ~ 11
6,26,34, ~ 10
6,26,35, ~ 9
6,26,38, ~ 9
6,26,39, ~ 12
6,26,42, ~ 9
6,26,47, ~ 10
6,26,48, ~ 9
6,26,49, ~ 10
6,27,28, ~ 9
6,27,30, ~ 10
6,27,33, ~ 9
6,27,34, ~ 9
6,27,37, ~ 9
6,27,38, ~ 10
6,27,39, ~ 9
6,27,41, ~ 11
6,27,48, ~ 9
6,27,49, ~ 11
6,28,29, ~ 11
6,28,30, ~ 11
6,28,31, ~ 9
6,28,37, ~ 13
6,28,39, ~ 11
6,28,40, ~ 9
6,28,41, ~ 11
6,28,42, ~ 13
6,29,32, ~ 10
6,29,33, ~ 9
6,29,34, ~ 10
6,29,39, ~ 10
6,29,42, ~ 10
6,30,34, ~ 10
6,30,42, ~ 10
6,30,47, ~ 10
6,30,49, ~ 11
6,31,33, ~ 11
6,31,39, ~ 9
6,31,48, ~ 9
6,31,49, ~ 15
6,32,33, ~ 9
6,32,37, ~ 9
6,32,38, ~ 9
6,32,48, ~ 10
6,33,34, ~ 11
6,33,35, ~ 10
6,33,37, ~ 13
6,33,39, ~ 12
6,33,40, ~ 9
6,33,42, ~ 9
6,33,47, ~ 9
6,33,48, ~ 14
6,33,49, ~ 9
6,34,39, ~ 9
6,34,49, ~ 10
6,35,42, ~ 10
6,35,43, ~ 9
6,35,48, ~ 9
6,37,38, ~ 10
6,37,39, ~ 12
6,37,40, ~ 10
6,37,42, ~ 11
6,37,48, ~ 13
6,37,49, ~ 9
6,38,39, ~ 13
6,38,40, ~ 10
6,38,45, ~ 9
6,38,47, ~ 10
6,38,48, ~ 9
6,38,49, ~ 11
6,39,49, ~ 11
6,40,42, ~ 9
6,40,49, ~ 12
6,41,43, ~ 11
6,41,47, ~ 9
6,41,48, ~ 9
6,42,48, ~ 13
6,42,49, ~ 10
6,43,48, ~ 9
6,45,47, ~ 10
6,48,49, ~ 14
7,8,11, ~ 14
7,8,12, ~ 10
7,8,13, ~ 9
7,8,17, ~ 12
7,8,24, ~ 10
7,8,29, ~ 9
7,8,31, ~ 9
7,8,32, ~ 9
7,8,40, ~ 13
7,9,11, ~ 9
7,9,24, ~ 9
7,9,26, ~ 10
7,9,43, ~ 9
7,9,48, ~ 9
7,10,11, ~ 10
7,10,12, ~ 9
7,10,13, ~ 11
7,10,16, ~ 9
7,10,17, ~ 10
7,10,19, ~ 13
7,10,23, ~ 9
7,10,25, ~ 10
7,10,29, ~ 9
7,10,30, ~ 10
7,10,32, ~ 10
7,10,37, ~ 12
7,10,38, ~ 10
7,10,42, ~ 10
7,10,43, ~ 10
7,10,45, ~ 9
7,10,47, ~ 10
7,11,13, ~ 9
7,11,16, ~ 9
7,11,17, ~ 10
7,11,24, ~ 11
7,11,29, ~ 9
7,11,31, ~ 11
7,11,32, ~ 12
7,11,33, ~ 9
7,11,38, ~ 9
7,11,43, ~ 11
7,12,17, ~ 10
7,12,38, ~ 11
7,12,40, ~ 9
7,12,43, ~ 10
7,13,25, ~ 12
7,13,26, ~ 9
7,13,40, ~ 9
7,14,19, ~ 10
7,14,23, ~ 9
7,14,26, ~ 11
7,14,33, ~ 9
7,14,36, ~ 9
7,14,41, ~ 10
7,14,49, ~ 10
7,17,27, ~ 11
7,17,31, ~ 10
7,17,32, ~ 11
7,17,36, ~ 10
7,17,45, ~ 10
7,17,48, ~ 10
7,19,23, ~ 9
7,19,25, ~ 10
7,19,26, ~ 10
7,19,33, ~ 12
7,19,41, ~ 11
7,19,47, ~ 9
7,19,48, ~ 10
7,19,49, ~ 12
7,20,41, ~ 9
7,21,25, ~ 9
7,21,31, ~ 9
7,21,36, ~ 10
7,21,39, ~ 9
7,23,26, ~ 11
7,23,28, ~ 12
7,23,33, ~ 11
7,23,36, ~ 10
7,23,39, ~ 9
7,23,41, ~ 9
7,23,43, ~ 11
7,23,45, ~ 13
7,23,47, ~ 12
7,24,26, ~ 10
7,24,33, ~ 11
7,24,37, ~ 9
7,24,38, ~ 9
7,24,43, ~ 10
7,25,26, ~ 9
7,26,28, ~ 9
7,26,31, ~ 9
7,26,32, ~ 9
7,26,36, ~ 10
7,26,48, ~ 11
7,27,31, ~ 12
7,27,48, ~ 10
7,28,33, ~ 10
7,28,39, ~ 9
7,28,41, ~ 9
7,28,45, ~ 9
7,28,49, ~ 10
7,29,31, ~ 9
7,31,32, ~ 11
7,31,47, ~ 9
7,32,36, ~ 10
7,32,43, ~ 9
7,32,47, ~ 9
7,33,35, ~ 9
7,33,38, ~ 9
7,33,39, ~ 10
7,33,41, ~ 9
7,33,43, ~ 9
7,33,45, ~ 9
7,36,43, ~ 10
7,36,47, ~ 9
7,38,40, ~ 10
7,38,48, ~ 9
7,39,49, ~ 9
7,41,48, ~ 10
7,42,45, ~ 9
8,9,10, ~ 10
8,9,20, ~ 9
8,9,23, ~ 10
8,9,33, ~ 12
8,10,11, ~ 10
8,10,12, ~ 9
8,10,16, ~ 12
8,10,18, ~ 10
8,10,24, ~ 9
8,10,25, ~ 9
8,10,26, ~ 13
8,10,31, ~ 9
8,10,42, ~ 9
8,11,23, ~ 10
8,11,24, ~ 12
8,11,26, ~ 9
8,11,28, ~ 11
8,11,31, ~ 10
8,12,26, ~ 9
8,12,36, ~ 9
8,13,26, ~ 9
8,14,17, ~ 9
8,14,20, ~ 9
8,14,23, ~ 9
8,14,24, ~ 11
8,14,26, ~ 11
8,14,28, ~ 9
8,14,33, ~ 10
8,14,40, ~ 9
8,14,42, ~ 9
8,16,17, ~ 11
8,16,26, ~ 13
8,16,29, ~ 9
8,16,31, ~ 10
8,16,33, ~ 12
8,16,34, ~ 11
8,16,40, ~ 10
8,17,20, ~ 14
8,17,22, ~ 9
8,17,23, ~ 10
8,17,24, ~ 10
8,17,26, ~ 10
8,17,27, ~ 9
8,17,28, ~ 12
8,17,29, ~ 9
8,17,30, ~ 11
8,17,31, ~ 11
8,17,33, ~ 11
8,17,34, ~ 11
8,17,36, ~ 10
8,17,48, ~ 10
8,18,24, ~ 10
8,18,29, ~ 10
8,18,31, ~ 11
8,18,42, ~ 9
8,18,48, ~ 9
8,19,20, ~ 10
8,20,23, ~ 10
8,20,26, ~ 10
8,20,28, ~ 11
8,20,30, ~ 11
8,20,31, ~ 9
8,20,33, ~ 9
8,20,36, ~ 9
8,22,30, ~ 9
8,22,33, ~ 9
8,23,25, ~ 9
8,23,26, ~ 12
8,23,28, ~ 13
8,23,31, ~ 10
8,23,33, ~ 13
8,24,26, ~ 11
8,24,30, ~ 9
8,24,31, ~ 10
8,24,32, ~ 9
8,24,48, ~ 10
8,25,26, ~ 9
8,25,28, ~ 11
8,26,27, ~ 9
8,26,28, ~ 11
8,26,29, ~ 9
8,26,31, ~ 11
8,26,33, ~ 11
8,26,34, ~ 9
8,26,36, ~ 14
8,26,40, ~ 9
8,26,41, ~ 9
8,26,42, ~ 11
8,26,45, ~ 9
8,26,48, ~ 9
8,26,49, ~ 9
8,27,31, ~ 11
8,27,33, ~ 9
8,28,30, ~ 11
8,28,33, ~ 9
8,28,45, ~ 10
8,29,30, ~ 10
8,29,31, ~ 9
8,29,33, ~ 10
8,29,36, ~ 9
8,29,37, ~ 9
8,29,40, ~ 10
8,29,42, ~ 9
8,29,45, ~ 9
8,29,48, ~ 9
8,30,31, ~ 9
8,30,32, ~ 9
8,30,33, ~ 11
8,30,36, ~ 10
8,30,37, ~ 9
8,30,40, ~ 9
8,30,42, ~ 12
8,31,32, ~ 10
8,31,33, ~ 9
8,31,39, ~ 9
8,31,49, ~ 9
8,32,48, ~ 9
8,33,34, ~ 10
8,33,39, ~ 9
8,33,40, ~ 10
8,33,43, ~ 9
8,33,48, ~ 9
8,42,45, ~ 9
8,42,48, ~ 9
9,10,11, ~ 11
9,10,12, ~ 10
9,10,13, ~ 10
9,10,16, ~ 10
9,10,19, ~ 11
9,10,24, ~ 10
9,10,25, ~ 14
9,10,26, ~ 10
9,10,28, ~ 9
9,10,31, ~ 11
9,10,39, ~ 10
9,10,43, ~ 9
9,11,14, ~ 9
9,11,16, ~ 9
9,11,24, ~ 9
9,11,28, ~ 9
9,11,48, ~ 11
9,12,28, ~ 10
9,12,40, ~ 10
9,13,16, ~ 10
9,13,19, ~ 10
9,13,24, ~ 11
9,13,25, ~ 11
9,13,26, ~ 11
9,13,28, ~ 9
9,14,18, ~ 9
9,14,20, ~ 9
9,14,26, ~ 10
9,14,28, ~ 11
9,14,40, ~ 11
9,14,48, ~ 10
9,17,39, ~ 9
9,18,19, ~ 10
9,18,20, ~ 9
9,18,45, ~ 9
9,18,48, ~ 9
9,19,26, ~ 9
9,19,28, ~ 10
9,19,48, ~ 9
9,20,23, ~ 9
9,20,24, ~ 9
9,20,25, ~ 9
9,20,26, ~ 9
9,20,27, ~ 9
9,20,28, ~ 9
9,20,30, ~ 9
9,20,31, ~ 9
9,20,39, ~ 9
9,20,40, ~ 9
9,20,41, ~ 9
9,20,48, ~ 10
9,20,49, ~ 9
9,23,24, ~ 9
9,23,31, ~ 9
9,23,33, ~ 9
9,23,41, ~ 9
9,23,43, ~ 10
9,24,25, ~ 12
9,24,26, ~ 10
9,24,40, ~ 9
9,24,42, ~ 9
9,24,43, ~ 11
9,24,48, ~ 11
9,25,26, ~ 10
9,25,28, ~ 10
9,25,31, ~ 10
9,25,40, ~ 10
9,25,48, ~ 10
9,25,49, ~ 10
9,26,30, ~ 9
9,26,31, ~ 9
9,26,39, ~ 9
9,26,40, ~ 9
9,26,42, ~ 12
9,26,48, ~ 11
9,26,49, ~ 10
9,28,39, ~ 9
9,28,40, ~ 10
9,28,41, ~ 10
9,28,43, ~ 9
9,28,48, ~ 12
9,28,49, ~ 9
9,30,33, ~ 10
9,31,39, ~ 9
9,33,43, ~ 9
9,33,45, ~ 9
9,33,48, ~ 10
9,39,48, ~ 11
9,43,48, ~ 9
10,11,16, ~ 9
10,11,19, ~ 12
10,11,23, ~ 11
10,11,24, ~ 13
10,11,25, ~ 10
10,11,26, ~ 10
10,11,37, ~ 9
10,11,42, ~ 9
10,11,47, ~ 13
10,11,48, ~ 9
10,12,13, ~ 9
10,12,16, ~ 9
10,12,17, ~ 9
10,12,19, ~ 13
10,12,23, ~ 10
10,12,27, ~ 9
10,12,28, ~ 13
10,12,30, ~ 9
10,12,36, ~ 9
10,12,37, ~ 9
10,12,43, ~ 11
10,12,44, ~ 9
10,12,47, ~ 9
10,13,14, ~ 10
10,13,18, ~ 12
10,13,19, ~ 15
10,13,24, ~ 9
10,13,25, ~ 10
10,13,26, ~ 9
10,13,27, ~ 10
10,13,31, ~ 9
10,13,39, ~ 9
10,14,19, ~ 11
10,14,24, ~ 9
10,14,25, ~ 10
10,14,31, ~ 12
10,14,37, ~ 11
10,14,42, ~ 9
10,14,49, ~ 9
10,15,19, ~ 9
10,15,47, ~ 9
10,16,18, ~ 9
10,16,19, ~ 13
10,16,26, ~ 13
10,16,28, ~ 12
10,16,34, ~ 9
10,16,36, ~ 9
10,16,43, ~ 9
10,16,44, ~ 12
10,16,45, ~ 9
10,16,49, ~ 9
10,17,18, ~ 11
10,17,23, ~ 10
10,17,24, ~ 12
10,17,26, ~ 9
10,17,27, ~ 9
10,17,28, ~ 9
10,17,30, ~ 12
10,17,31, ~ 9
10,17,32, ~ 9
10,17,37, ~ 12
10,17,39, ~ 11
10,17,47, ~ 9
10,17,49, ~ 9
10,18,19, ~ 11
10,18,24, ~ 13
10,18,25, ~ 9
10,18,27, ~ 9
10,18,31, ~ 9
10,18,33, ~ 9
10,18,37, ~ 9
10,18,39, ~ 11
10,18,42, ~ 16
10,19,23, ~ 10
10,19,24, ~ 14
10,19,25, ~ 9
10,19,26, ~ 15
10,19,28, ~ 11
10,19,29, ~ 11
10,19,30, ~ 11
10,19,31, ~ 11
10,19,32, ~ 9
10,19,33, ~ 11
10,19,34, ~ 13
10,19,36, ~ 10
10,19,37, ~ 13
10,19,38, ~ 9
10,19,39, ~ 10
10,19,42, ~ 9
10,19,43, ~ 12
10,19,44, ~ 9
10,19,47, ~ 12
10,19,48, ~ 10
10,20,23, ~ 9
10,20,24, ~ 9
10,20,26, ~ 9
10,20,28, ~ 9
10,22,26, ~ 9
10,22,31, ~ 9
10,23,26, ~ 10
10,23,28, ~ 13
10,23,31, ~ 9
10,23,33, ~ 9
10,23,37, ~ 12
10,23,39, ~ 10
10,23,40, ~ 9
10,23,41, ~ 14
10,23,43, ~ 10
10,23,45, ~ 9
10,23,47, ~ 12
10,24,25, ~ 11
10,24,26, ~ 14
10,24,30, ~ 13
10,24,31, ~ 14
10,24,32, ~ 10
10,24,34, ~ 10
10,24,37, ~ 11
10,24,38, ~ 11
10,24,39, ~ 11
10,24,42, ~ 11
10,24,43, ~ 12
10,24,47, ~ 13
10,24,48, ~ 13
10,24,49, ~ 11
10,25,28, ~ 10
10,25,31, ~ 11
10,25,39, ~ 9
10,25,42, ~ 9
10,25,47, ~ 11
10,26,27, ~ 12
10,26,28, ~ 13
10,26,31, ~ 11
10,26,33, ~ 13
10,26,34, ~ 9
10,26,36, ~ 12
10,26,37, ~ 10
10,26,39, ~ 12
10,26,47, ~ 9
10,26,48, ~ 9
10,27,28, ~ 11
10,27,30, ~ 10
10,27,31, ~ 10
10,27,33, ~ 11
10,27,39, ~ 10
10,27,41, ~ 9
10,28,30, ~ 9
10,28,31, ~ 11
10,28,33, ~ 11
10,28,37, ~ 12
10,28,39, ~ 9
10,28,41, ~ 10
10,28,43, ~ 11
10,28,44, ~ 9
10,28,47, ~ 11
10,28,48, ~ 10
10,28,49, ~ 9
10,29,33, ~ 9
10,30,31, ~ 11
10,30,32, ~ 12
10,30,37, ~ 12
10,30,40, ~ 10
10,30,43, ~ 9
10,30,44, ~ 9
10,30,49, ~ 10
10,31,32, ~ 9
10,31,36, ~ 10
10,31,39, ~ 11
10,31,44, ~ 9
10,31,47, ~ 11
10,32,37, ~ 11
10,32,42, ~ 9
10,33,37, ~ 12
10,33,39, ~ 10
10,33,42, ~ 11
10,33,47, ~ 10
10,34,37, ~ 11
10,36,39, ~ 9
10,37,38, ~ 11
10,37,41, ~ 9
10,37,42, ~ 11
10,37,43, ~ 12
10,37,47, ~ 10
10,37,48, ~ 12
10,37,49, ~ 10
10,38,39, ~ 9
10,38,40, ~ 9
10,38,42, ~ 9
10,38,44, ~ 10
10,38,47, ~ 9
10,38,48, ~ 12
10,39,40, ~ 9
10,39,41, ~ 9
10,39,47, ~ 10
10,39,48, ~ 9
10,39,49, ~ 9
10,40,42, ~ 9
10,40,47, ~ 9
10,40,49, ~ 9
10,41,47, ~ 10
10,41,48, ~ 9
10,42,43, ~ 11
10,42,48, ~ 9
10,43,47, ~ 9
10,43,48, ~ 9
10,43,49, ~ 10
10,44,47, ~ 10
10,45,47, ~ 9
11,12,19, ~ 12
11,12,28, ~ 9
11,13,17, ~ 10
11,13,18, ~ 9
11,13,26, ~ 9
11,13,35, ~ 9
11,13,37, ~ 9
11,14,22, ~ 9
11,15,26, ~ 9
11,15,28, ~ 9
11,16,17, ~ 9
11,17,24, ~ 9
11,17,32, ~ 12
11,18,48, ~ 9
11,19,23, ~ 9
11,19,26, ~ 11
11,19,47, ~ 9
11,21,23, ~ 9
11,21,39, ~ 9
11,22,24, ~ 10
11,22,26, ~ 10
11,22,28, ~ 9
11,22,48, ~ 9
11,23,24, ~ 12
11,23,26, ~ 9
11,23,28, ~ 9
11,23,33, ~ 11
11,23,40, ~ 9
11,23,43, ~ 10
11,23,47, ~ 10
11,24,28, ~ 9
11,24,30, ~ 9
11,24,31, ~ 10
11,24,33, ~ 9
11,24,37, ~ 11
11,24,39, ~ 9
11,24,40, ~ 9
11,24,42, ~ 9
11,24,43, ~ 14
11,24,47, ~ 14
11,24,48, ~ 12
11,26,28, ~ 11
11,26,40, ~ 9
11,26,47, ~ 9
11,26,48, ~ 12
11,28,33, ~ 10
11,28,37, ~ 9
11,28,45, ~ 9
11,28,48, ~ 10
11,28,49, ~ 9
11,33,37, ~ 9
11,37,48, ~ 9
11,40,43, ~ 10
11,40,47, ~ 11
11,40,48, ~ 9
11,43,48, ~ 12
11,45,48, ~ 10
11,48,49, ~ 10
12,13,17, ~ 10
12,13,18, ~ 9
12,13,19, ~ 11
12,13,28, ~ 12
12,13,34, ~ 9
12,13,39, ~ 9
12,13,43, ~ 9
12,14,17, ~ 9
12,15,47, ~ 9
12,16,17, ~ 12
12,16,28, ~ 9
12,17,19, ~ 11
12,17,20, ~ 12
12,17,21, ~ 9
12,17,23, ~ 11
12,17,27, ~ 9
12,17,28, ~ 14
12,17,31, ~ 11
12,17,36, ~ 11
12,17,37, ~ 11
12,17,41, ~ 9
12,17,43, ~ 10
12,17,45, ~ 11
12,17,47, ~ 12
12,17,49, ~ 10
12,18,37, ~ 12
12,19,23, ~ 10
12,19,25, ~ 9
12,19,28, ~ 12
12,19,29, ~ 10
12,19,31, ~ 11
12,19,33, ~ 9
12,19,35, ~ 10
12,19,36, ~ 11
12,19,43, ~ 13
12,19,47, ~ 10
12,19,49, ~ 9
12,20,37, ~ 9
12,23,28, ~ 9
12,23,31, ~ 9
12,23,33, ~ 9
12,23,47, ~ 12
12,24,43, ~ 9
12,25,33, ~ 9
12,25,34, ~ 10
12,25,43, ~ 10
12,26,28, ~ 11
12,26,34, ~ 12
12,26,36, ~ 9
12,26,39, ~ 10
12,26,40, ~ 10
12,27,30, ~ 10
12,27,39, ~ 11
12,27,47, ~ 9
12,28,30, ~ 11
12,28,31, ~ 10
12,28,37, ~ 10
12,28,39, ~ 11
12,28,40, ~ 10
12,28,43, ~ 12
12,28,47, ~ 10
12,28,48, ~ 9
12,29,36, ~ 10
12,30,36, ~ 9
12,31,35, ~ 9
12,31,43, ~ 9
12,31,47, ~ 11
12,31,49, ~ 10
12,33,34, ~ 9
12,33,36, ~ 10
12,33,42, ~ 9
12,33,43, ~ 10
12,33,45, ~ 10
12,34,36, ~ 10
12,36,37, ~ 9
12,37,38, ~ 9
12,37,42, ~ 9
12,37,48, ~ 9
12,37,49, ~ 9
12,41,47, ~ 9
12,43,47, ~ 9
13,14,16, ~ 9
13,14,18, ~ 9
13,14,24, ~ 10
13,14,26, ~ 9
13,14,40, ~ 10
13,16,17, ~ 14
13,16,20, ~ 10
13,16,25, ~ 12
13,16,26, ~ 9
13,16,31, ~ 9
13,16,40, ~ 10
13,17,27, ~ 9
13,17,28, ~ 10
13,17,35, ~ 9
13,17,39, ~ 9
13,17,40, ~ 9
13,17,45, ~ 10
13,17,47, ~ 11
13,18,19, ~ 13
13,18,33, ~ 9
13,18,37, ~ 11
13,18,42, ~ 9
13,18,48, ~ 12
13,19,25, ~ 9
13,19,27, ~ 9
13,19,28, ~ 9
13,19,39, ~ 10
13,19,48, ~ 10
13,24,34, ~ 9
13,27,31, ~ 9
13,27,36, ~ 10
13,32,42, ~ 10
13,33,37, ~ 9
13,33,38, ~ 9
13,33,48, ~ 9
13,37,48, ~ 10
14,16,17, ~ 10
14,16,19, ~ 9
14,16,26, ~ 9
14,16,40, ~ 10
14,16,41, ~ 10
14,17,45, ~ 9
14,18,19, ~ 12
14,18,20, ~ 9
14,18,24, ~ 9
14,18,39, ~ 9
14,18,40, ~ 10
14,18,42, ~ 11
14,18,49, ~ 11
14,19,20, ~ 9
14,19,22, ~ 9
14,19,23, ~ 10
14,19,24, ~ 9
14,19,25, ~ 11
14,19,26, ~ 11
14,19,27, ~ 9
14,19,28, ~ 10
14,19,30, ~ 9
14,19,31, ~ 10
14,19,33, ~ 12
14,19,34, ~ 9
14,19,37, ~ 11
14,19,38, ~ 9
14,19,39, ~ 11
14,19,40, ~ 10
14,19,46, ~ 9
14,19,48, ~ 11
14,19,49, ~ 12
14,20,23, ~ 10
14,20,26, ~ 12
14,20,28, ~ 13
14,20,32, ~ 9
14,20,37, ~ 11
14,20,40, ~ 14
14,20,42, ~ 9
14,20,46, ~ 9
14,20,47, ~ 9
14,20,48, ~ 9
14,21,23, ~ 10
14,21,26, ~ 9
14,22,23, ~ 11
14,22,24, ~ 10
14,22,25, ~ 9
14,22,26, ~ 10
14,22,28, ~ 9
14,22,41, ~ 11
14,22,42, ~ 11
14,22,45, ~ 9
14,22,46, ~ 9
14,22,49, ~ 9
14,23,24, ~ 11
14,23,25, ~ 11
14,23,26, ~ 14
14,23,28, ~ 10
14,23,33, ~ 14
14,23,37, ~ 10
14,23,39, ~ 10
14,23,40, ~ 9
14,23,45, ~ 10
14,23,47, ~ 10
14,23,49, ~ 12
14,24,26, ~ 11
14,24,30, ~ 9
14,24,31, ~ 9
14,24,32, ~ 9
14,24,34, ~ 9
14,24,37, ~ 9
14,24,38, ~ 9
14,24,41, ~ 9
14,24,42, ~ 12
14,24,45, ~ 9
14,24,48, ~ 10
14,25,26, ~ 9
14,25,33, ~ 10
14,25,39, ~ 9
14,26,28, ~ 11
14,26,30, ~ 11
14,26,32, ~ 9
14,26,33, ~ 10
14,26,36, ~ 12
14,26,39, ~ 10
14,26,40, ~ 14
14,26,41, ~ 9
14,26,42, ~ 11
14,26,45, ~ 10
14,26,48, ~ 14
14,27,30, ~ 11
14,27,39, ~ 9
14,27,42, ~ 9
14,27,49, ~ 9
14,28,30, ~ 10
14,28,33, ~ 9
14,28,39, ~ 11
14,28,40, ~ 13
14,28,41, ~ 10
14,28,42, ~ 10
14,28,49, ~ 11
14,30,32, ~ 10
14,30,33, ~ 10
14,30,40, ~ 11
14,31,49, ~ 10
14,32,40, ~ 9
14,32,42, ~ 11
14,33,39, ~ 9
14,33,40, ~ 10
14,33,42, ~ 12
14,34,37, ~ 10
14,37,38, ~ 10
14,37,40, ~ 10
14,37,42, ~ 11
14,37,49, ~ 10
14,38,40, ~ 14
14,38,42, ~ 11
14,39,49, ~ 9
14,40,41, ~ 11
14,40,42, ~ 10
14,40,45, ~ 9
14,40,48, ~ 9
14,40,49, ~ 12
14,41,42, ~ 9
14,41,49, ~ 9
14,42,48, ~ 9
14,42,49, ~ 14
14,48,49, ~ 9
15,16,30, ~ 9
15,16,45, ~ 9
15,18,48, ~ 9
15,19,22, ~ 9
15,19,33, ~ 9
15,19,38, ~ 9
15,19,47, ~ 10
15,19,48, ~ 9
15,22,41, ~ 9
15,23,26, ~ 9
15,23,38, ~ 10
15,23,47, ~ 11
15,25,26, ~ 9
15,26,28, ~ 9
15,26,41, ~ 10
15,26,47, ~ 12
15,26,48, ~ 9
15,28,41, ~ 9
15,32,37, ~ 9
15,32,47, ~ 9
15,33,47, ~ 9
15,38,47, ~ 13
15,38,48, ~ 9
15,41,48, ~ 9
15,42,47, ~ 10
15,47,48, ~ 11
16,17,20, ~ 11
16,17,26, ~ 9
16,17,28, ~ 9
16,17,30, ~ 9
16,17,33, ~ 9
16,17,34, ~ 9
16,17,40, ~ 11
16,18,27, ~ 9
16,19,23, ~ 9
16,19,26, ~ 10
16,21,31, ~ 10
16,21,36, ~ 9
16,22,26, ~ 9
16,23,26, ~ 12
16,23,33, ~ 12
16,23,36, ~ 9
16,23,43, ~ 9
16,23,45, ~ 10
16,23,47, ~ 11
16,26,29, ~ 9
16,26,30, ~ 10
16,26,33, ~ 14
16,26,34, ~ 11
16,26,36, ~ 1